530070000600195000098000060800060003400803001700020006060000280000419005000080079
090082350000300090850610002030090400006503080040000103069000537074900600002036910
008006030657030000000070560105900000002000897760000015870390456503048100940750008
030150089182600050000000060803070000691400030720903800000019000307540900500026100
760050000208470000304802106900010035032700409140980007000100062021009708000020941
043057090102403508597082060010004006000000700085000014350060240904300600020009000
680000570090000348750809600418000090020003000006900000500081407802047961107000820
100809002043001008089453176070625400560300009021008060000000201610732000030100000
500348009024006000906000400050097000487500390090003710240009608068035900300860500
589607234146000000003400010000108060000706903000000780900074528007890040000261007
820030070700120030000700008080005006609200850007061000406300000008000092200900600
007060030500003800000000027015030080600005900083007600008006002206070400009024008
000000700308905040609400532100000000500309010007002000960080070001000209004097061
760003892000070000200108060040000027607024005800000000070940006430500000900032070
809060000000002000002410078000700600000120040604003290401030002090040003000005009
400920080000000000000087046003260000001093000009400623960540000000000800150000007
400910000000600400000000039500290000200084000600570980040028006100005000308100074
700004080000000106910060070020937000079080005840001037000009701001300004600000090
800000007249000000000603008950004280000009100080000000100046070062017800470300610
400905010502000890070020000000300400200050070004600080000009006340070920901030700
723009100905000203400000600000590004009470300000030090071906400040150000800000010
800074009204106785000000040000050690000701050080200000400080062005900800320600004
003480050007001000080670000900010000000290030000003209040000080291000600060000945
609000008024010600070000000701904000000070520000000400002700060487000003390801000
006400000000002000780500000620080450904100806001003000000000040090000307000907020
201069000003020890000700000908012000010305060000000010300508900800007000050000000
000000002910020070008700090007002000605093000020000104850304021000000045030500000
300000000070210000001407600850000000064070900000040000000008530900700000005030820
001002600004003020080160000000050402003601000007008030400000007090070000600500008
300070040000004800064902037009300000000006000020000500030000090090840023200000405
400000000000000690000260010000500000709001000010070080050800003023010060000003004
800000000003600000070090200050007000000045700000100030001000068008500010090000400
100007090030020008009600500005300900010080002600004000300000010040000007007000300
007023000302004008650000003000000097805200000700000020006000400100008000040630001
480000060030020004607040000000930000000802470000064000254000800008000043003000706
700900005020104006006080000080001903470609052090052070000396528058000600309008701
